 3.38156267e+00 3.38911268e+00
 4.52787538e+00 5.85417810e+00
 2.65568187e+00 4.41199472e+00
 2.76523467e+00 3.71541365e+00
 2.84656011e+00 4.17550645e+00
 3.89067196e+00 6.48838087e+00
 3.47580524e+00 3.63284876e+00
 5.91129845e+00 6.68076853e+00
 3.92889397e+00 5.09844661e+00
 4.56183537e+00 5.62329929e+00
 4.57407171e+00 5.39765069e+00
 4.37173356e+00 5.46116549e+00
 4.19169388e+00 4.95469359e+00
 5.24408518e+00 4.66148767e+00
 2.83584020e+00 3.76801716e+00
 5.63526969e+00 6.31211438e+00
 4.68632968e+00 5.66524110e+00
 2.85051337e+00 4.62645627e+00
 5.11015730e+00 7.36319662e+00
 5.18256377e+00 4.64650909e+00
 5.70732809e+00 6.68103995e+00
 3.57968458e+00 4.80278074e+00
 5.63937773e+00 6.12043594e+00
 4.26346851e+00 4.68942896e+00
 2.53651693e+00 3.88449078e+00
 3.22382902e+00 4.94255585e+00
 4.92948801e+00 5.95501971e+00
 5.79295774e+00 5.10839305e+00
 2.81684824e+00 4.81895769e+00
 3.88882414e+00 5.10036564e+00
 3.34323419e+00 5.89301345e+00
 5.87973414e+00 5.52141664e+00
 3.10391912e+00 3.85710242e+00
 5.33150572e+00 4.68074235e+00
 3.37542687e+00 4.56537852e+00
 4.77667888e+00 6.25435039e+00
 2.67574630e+00 3.73096988e+00
 5.50027665e+00 5.67948113e+00
 1.79709714e+00 3.24753885e+00
 4.32251470e+00 5.11110472e+00
 4.42100445e+00 6.02563978e+00
 3.17929886e+00 4.43686032e+00
 3.03354125e+00 3.97879278e+00
 4.60934820e+00 5.87979200e+00
 2.96378859e+00 3.30024835e+00
 3.97176248e+00 5.40773735e+00
 1.18023321e+00 2.87869409e+00
 1.91895045e+00 5.07107848e+00
 3.95524687e+00 4.50532710e+00
 5.11795499e+00 6.08507386e+00
